1 62.678998 -19.744213
2 52.52895 32.259075
3 60.254968 5.656311
4 60.844872 -12.904326
5 41.098472 -6.486055
6 57.714642 -10.835232
7 48.806268 1.854302
8 39.52906 36.845711
9 49.930912 -19.211945
10 56.828429 22.915194
11 55.837025 -11.780095
12 42.506408 4.207048
13 58.173843 19.318808
14 69.477992 -0.244971
15 43.614429 38.088624
16 37.188497 15.93962
17 40.930724 19.089743
18 60.014299 6.451608
19 47.396367 38.650117
20 69.998086 -0.217345
21 61.230555 9.727595
22 50.907624 5.02696
23 39.933452 22.118372
24 65.063363 -7.580402
25 56.627779 4.236486
26 43.898553 -7.059988
27 61.370116 -17.91637
28 63.504693 -2.322754
29 48.940074 -5.32979
30 36.882208 -14.231418
31 60.971144 -19.533118
32 51.65921 -5.17364
33 59.935115 -11.871294
34 56.586109 35.955483
35 38.804027 -9.912089
36 67.432262 24.404004
37 61.594452 33.68872
38 37.943187 29.670238
39 37.426598 4.97898
40 51.473903 33.67687
41 49.539784 -16.68133
42 58.533142 -13.8691
43 62.414295 -1.920757
44 43.00252 21.160618
45 57.497098 39.493563
46 43.137451 -10.774777
47 49.083282 6.835441
48 57.144736 37.98035
49 37.542153 20.758763
50 40.02466 20.595244
51 36.827662 20.193758
52 64.015665 31.546263
53 57.401359 -1.053578
54 44.316211 -8.329269
55 67.678473 15.280508
56 56.161045 30.474755
57 58.409685 15.561369
58 57.409897 19.411852
59 56.700748 30.174735
60 57.348759 0.487118
61 67.623303 17.016775
62 36.776398 2.806872
63 66.426629 -9.729483
64 45.460289 26.950927
65 65.686164 -13.783204
66 65.033057 -11.02391
67 60.441575 0.456371
68 38.526575 35.212094
69 68.10757 -18.512818
70 38.09319 20.91938
71 45.890721 1.189181
72 62.105675 -3.282769
73 43.731196 28.115359
74 69.18067 36.036555
75 47.000053 10.207776
76 59.493449 24.580765
77 60.249628 37.430194
78 59.242518 20.604185
79 47.837422 -3.77155
80 57.792777 34.406943
81 69.515839 39.063407
82 50.016056 14.144381
83 62.784261 24.566263
84 65.158226 20.629555
85 52.885521 9.24912
86 39.080017 18.124845
87 59.825553 30.456536
88 62.123743 30.808304
89 64.201636 24.308928
90 61.125927 7.392797
91 69.937119 26.923104
92 49.478851 27.995074
93 48.919415 31.859521
94 64.265804 22.308632
95 62.029307 18.553664
96 60.869076 16.224381
97 43.425281 26.999984
98 51.54471 -19.530739
99 59.97159 38.857868
100 45.040219 -16.400574
